IACI.csv-2012-01	2012-01-03	2012-01-31	{(42.18),(41.80),(43.34),(42.91),(41.33),(42.46),(41.84),(41.99),(42.21),(41.99),(41.14),(41.75),(41.79),(41.99),(42.27),(42.85),(42.22),(42.09),(41.95),(42.69)}
IACI.csv-2012-02	2012-02-01	2012-02-29	{(45.53),(45.00),(46.29),(45.33),(44.97),(45.03),(44.71),(44.60),(45.10),(46.25),(46.04),(45.25),(45.40),(45.85),(45.85),(45.53),(44.88),(45.45),(46.48),(45.80)}
IACI.csv-2012-03	2012-03-01	2012-03-30	{(49.12),(46.56),(46.88),(46.63),(46.00),(46.34),(47.46),(48.04),(48.64),(48.43),(49.08),(49.05),(49.96),(49.57),(49.34),(49.26),(49.04),(49.81),(50.59),(49.35),(48.80),(48.96)}
IACI.csv-2012-04	2012-04-02	2012-04-30	{(49.08),(49.23),(48.73),(48.34),(48.14),(48.66),(48.06),(48.33),(48.87),(49.42),(49.60),(48.85),(49.18),(48.19),(47.00),(46.23),(45.96),(46.80),(46.93),(48.73)}
IACI.csv-2012-05	2012-05-01	2012-05-31	{(47.37),(48.00),(50.02),(51.35),(50.14),(48.91),(48.66),(48.36),(49.15),(48.62),(48.29),(47.88),(48.16),(45.50),(44.03),(45.05),(44.96),(45.43),(44.90),(45.12),(45.30),(45.12)}
IACI.csv-2012-06	2012-06-01	2012-06-29	{(44.22),(43.84),(44.87),(46.28),(44.96),(45.58),(44.98),(45.32),(45.09),(45.50),(45.55),(44.35),(46.24),(45.62),(45.60),(45.25),(44.95),(44.30),(45.62),(45.37),(45.42)}
IACI.csv-2012-07	2012-07-02	2012-07-31	{(47.98),(45.88),(45.50),(46.67),(46.85),(46.58),(47.34),(47.20),(46.68),(45.51),(46.70),(47.69),(49.31),(48.55),(47.76),(48.49),(50.00),(51.88),(53.07),(54.10),(53.67)}
IACI.csv-2012-08	2012-08-01	2012-08-31	{(52.89),(52.32),(52.60),(53.16),(53.68),(52.71),(51.87),(51.42),(51.83),(52.15),(51.70),(52.88),(52.51),(52.20),(52.34),(51.78),(51.69),(51.33),(52.03),(51.76),(52.26),(52.00),(52.10)}
IACI.csv-2012-09	2012-09-04	2012-09-28	{(52.03),(51.53),(51.90),(51.79),(52.09),(51.40),(51.60),(52.18),(51.34),(52.35),(52.65),(51.78),(52.05),(52.66),(54.80),(53.03),(52.32),(52.75),(51.85)}
IACI.csv-2012-10	2012-10-01	2012-10-31	{(52.86),(52.83),(53.81),(53.84),(53.80),(53.50),(53.17),(53.50),(53.41),(53.96),(55.04),(54.85),(54.54),(52.95),(52.63),(52.99),(53.46),(49.38),(49.51),(49.21),(52.88)}
IACI.csv-2012-11	2012-11-01	2012-11-30	{(45.90),(48.44),(48.93),(47.00),(45.57),(46.05),(44.16),(42.85),(44.06),(43.44),(43.82),(42.83),(42.50),(43.34),(43.10),(42.70),(42.45),(42.80),(42.66),(43.12),(45.19)}
IACI.csv-2012-12	2012-12-03	2012-12-31	{(47.26),(44.95),(43.35),(43.99),(45.07),(44.61),(43.80),(45.07),(45.52),(45.05),(45.23),(46.14),(46.51),(47.30),(45.46),(46.34),(46.46),(46.00),(46.22),(45.98)}
IACI.csv-2013-01	2013-01-02	2013-01-31	{(47.65),(46.85),(46.76),(46.46),(46.27),(45.67),(45.63),(43.32),(43.47),(43.30),(42.75),(42.65),(41.89),(41.63),(41.35),(40.44),(39.72),(40.46),(40.83),(40.91),(40.67)}
IACI.csv-2013-02	2013-02-01	2013-02-28	{(41.63),(41.14),(41.40),(42.31),(43.57),(43.79),(43.92),(43.29),(42.52),(42.41),(41.49),(41.76),(41.87),(41.40),(41.93),(41.87),(41.17),(40.72),(40.89)}
IACI.csv-2013-03	2013-03-01	2013-03-28	{(41.10),(41.25),(42.66),(42.38),(42.76),(43.18),(43.43),(43.48),(43.48),(43.39),(42.70),(43.11),(40.64),(43.17),(43.64),(43.84),(44.29),(44.61),(43.90),(43.94)}
IACI.csv-2013-04	2013-04-01	2013-04-30	{(44.50),(44.50),(44.86),(44.90),(44.60),(43.89),(44.42),(44.30),(44.56),(45.74),(44.30),(44.19),(44.51),(44.17),(43.74),(43.96),(44.53),(44.59),(45.76),(46.62),(46.38),(45.83)}
IACI.csv-2013-05	2013-05-01	2013-05-31	{(45.71),(47.80),(47.56),(48.50),(49.25),(48.98),(48.99),(48.68),(48.68),(48.93),(50.10),(51.86),(50.95),(51.26),(51.20),(51.03),(50.07),(50.97),(50.87),(50.65),(49.67),(49.52)}
IACI.csv-2013-06	2013-06-03	2013-06-28	{(49.95),(49.32),(48.46),(48.16),(48.15),(48.11),(47.26),(47.45),(47.82),(47.43),(46.90),(47.59),(48.74),(49.81),(49.35),(49.68),(49.93),(49.17),(49.96),(49.76)}
IACI.csv-2013-07	2013-07-01	2013-07-31	{(46.86),(52.95),(52.14),(51.87),(51.43),(51.48),(52.25),(52.04),(52.46),(52.40),(52.40),(51.00),(51.24),(51.05),(50.79),(50.54),(48.73),(48.72),(47.87),(47.05),(47.63),(47.97)}
IACI.csv-2013-08	2013-08-01	2013-08-30	{(50.55),(50.16),(49.98),(50.20),(50.31),(50.11),(49.93),(49.38),(50.41),(50.00),(49.88),(51.10),(50.25),(50.62),(49.82),(50.42),(50.73),(49.98),(49.99),(49.08),(49.70),(49.66)}
IACI.csv-2013-09	2013-09-03	2013-09-30	{(52.62),(49.69),(49.92),(50.88),(51.39),(51.21),(52.51),(52.59),(53.06),(53.31),(53.80),(53.70),(53.71),(52.30),(53.42),(53.62),(54.00),(54.22),(54.49),(53.15)}
IACI.csv-2013-10	2013-10-01	2013-10-31	{(54.48),(54.64),(55.65),(54.75),(55.00),(55.10),(53.14),(53.49),(54.65),(55.48),(54.87),(54.68),(54.76),(54.53),(52.09),(55.31),(55.41),(55.95),(56.82),(56.30),(57.42),(51.00),(52.80)}
IACI.csv-2013-11	2013-11-01	2013-11-29	{(55.77),(53.56),(54.79),(55.68),(56.06),(55.25),(55.05),(54.85),(56.93),(57.20),(57.19),(58.24),(57.69),(56.06),(56.40),(55.94),(56.27),(56.64),(55.64),(56.55)}
IACI.csv-2013-12	2013-12-02	2013-12-31	{(56.72),(56.56),(56.50),(56.37),(56.52),(57.91),(59.49),(58.90),(59.05),(60.19),(59.99),(58.84),(64.10),(67.75),(69.07),(68.69),(68.00),(67.40),(67.84),(68.47),(57.00)}
IACI.csv-2014-01	2014-01-02	2014-01-31	{(69.70),(68.23),(67.94),(68.19),(69.46),(70.58),(70.64),(69.71),(69.48),(68.97),(71.50),(71.52),(73.33),(72.07),(72.24),(72.64),(72.02),(70.91),(70.80),(71.00),(70.56)}
IACI.csv-2014-02	2014-02-03	2014-02-28	{(68.35),(69.62),(65.00),(65.04),(65.59),(66.85),(67.19),(66.16),(65.06),(66.66),(68.31),(69.79),(71.05),(75.52),(74.75),(74.55),(74.99),(75.50),(76.89)}
IACI.csv-2014-03	2014-03-03	2014-03-31	{(77.85),(76.73),(78.40),(80.03),(77.79),(77.98),(76.72),(75.75),(76.35),(73.10),(74.47),(74.76),(76.17),(74.50),(73.29),(73.40),(72.66),(71.63),(71.91),(71.50),(72.18)}
IACI.csv-2014-04	2014-04-01	2014-04-30	{(68.54),(71.78),(72.80),(72.00),(71.98),(69.94),(70.00),(69.88),(70.54),(68.04),(69.28),(67.51),(68.08),(69.04),(69.13),(69.29),(69.94),(68.72),(66.14),(64.47),(63.01)}
IACI.csv-2014-05	2014-05-01	2014-05-30	{(66.02),(65.11),(64.68),(65.13),(63.62),(61.85),(63.99),(64.00),(65.06),(64.61),(63.24),(63.48),(62.51),(62.80),(62.39),(62.85),(61.66),(62.62),(65.28),(65.92),(65.94)}
IACI.csv-2014-06	2014-06-02	2014-06-30	{(66.34),(65.95),(65.93),(66.42),(66.83),(67.45),(68.33),(67.94),(68.48),(68.37),(68.24),(68.19),(68.28),(68.98),(68.93),(69.50),(69.28),(69.09),(69.12),(69.08),(68.99)}
IACI.csv-2014-07	2014-07-01	2014-07-31	{(69.35),(70.03),(68.85),(68.55),(68.15),(66.43),(65.20),(65.63),(65.60),(66.43),(66.57),(65.40),(65.85),(65.62),(65.71),(66.50),(66.81),(66.60),(66.50),(66.82),(63.24),(69.21)}
IACI.csv-2014-08	2014-08-01	2014-08-29	{(66.94),(66.36),(65.97),(64.48),(63.94),(64.45),(64.26),(64.86),(64.37),(65.00),(66.66),(67.91),(68.51),(68.10),(68.51),(68.39),(69.08),(68.29),(68.85),(68.00),(69.27)}
IACI.csv-2014-09	2014-09-02	2014-09-30	{(69.51),(70.98),(72.57),(72.81),(72.83),(73.06),(71.94),(71.44),(71.56),(70.50),(69.53),(69.20),(69.23),(69.12),(67.85),(66.43),(66.50),(66.10),(65.68),(65.28),(66.22)}
IACI.csv-2014-10	2014-10-01	2014-10-31	{(63.86),(63.87),(63.29),(62.80),(61.99),(63.30),(61.69),(59.93),(58.63),(65.94),(57.39),(57.59),(59.02),(58.97),(60.00),(61.44),(61.50),(62.18),(62.15),(63.42),(66.00),(65.75),(67.91)}
IACI.csv-2014-11	2014-11-03	2014-11-28	{(65.04),(67.89),(67.33),(67.82),(65.94),(65.75),(65.63),(65.80),(65.26),(65.75),(65.60),(64.80),(64.58),(63.82),(65.47),(65.01),(66.05),(65.60),(65.64)}
IACI.csv-2014-12	2014-12-01	2014-12-31	{(65.29),(64.48),(64.48),(65.09),(65.43),(65.78),(63.43),(64.41),(63.22),(62.35),(62.74),(60.99),(60.06),(61.30),(61.55),(61.27),(61.50),(61.47),(62.17),(62.20),(61.62),(61.73)}
IBTX.csv-2013-04	2013-04-04	2013-04-30	{(29.12),(28.38),(28.20),(28.70),(28.90),(28.85),(28.15),(28.20),(29.30),(28.59),(28.06),(28.29),(29.50),(28.82),(29.89),(29.25),(28.40),(28.82),(29.00)}
IBTX.csv-2013-05	2013-05-01	2013-05-31	{(28.63),(29.06),(28.52),(28.05),(28.40),(28.97),(28.34),(28.60),(28.42),(28.59),(28.31),(28.52),(28.89),(29.11),(29.47),(28.53),(28.90),(29.00),(28.80),(28.93),(28.99),(28.74)}
IBTX.csv-2013-06	2013-06-03	2013-06-28	{(28.29),(28.44),(28.28),(30.00),(30.08),(30.50),(30.61),(30.76),(31.40),(30.52),(31.43),(29.86),(29.55),(29.11),(29.06),(29.26),(29.02),(29.05),(28.86),(28.51)}
IBTX.csv-2013-07	2013-07-01	2013-07-31	{(30.22),(30.14),(29.55),(30.35),(30.46),(30.33),(33.84),(33.29),(34.66),(32.74),(32.50),(32.30),(32.41),(32.03),(31.87),(31.75),(32.29),(31.81),(31.57),(31.66),(31.19),(31.17)}
IBTX.csv-2013-08	2013-08-01	2013-08-30	{(35.55),(36.88),(35.84),(34.92),(36.85),(34.30),(33.95),(33.86),(33.85),(35.00),(33.95),(34.42),(34.14),(33.79),(33.77),(33.50),(33.70),(34.02),(34.12),(34.26),(34.64),(34.84)}
IBTX.csv-2013-09	2013-09-03	2013-09-30	{(36.15),(36.05),(34.67),(36.83),(35.92),(35.05),(35.63),(35.32),(34.82),(35.44),(35.45),(35.64),(35.19),(35.77),(35.73),(35.88),(36.25),(36.74),(35.81),(35.30)}
IBTX.csv-2013-10	2013-10-01	2013-10-31	{(36.03),(35.75),(36.00),(35.82),(35.95),(35.71),(37.75),(37.80),(37.16),(36.80),(37.00),(36.10),(36.10),(36.28),(37.05),(36.94),(36.13),(36.07),(35.90),(35.84),(36.10),(36.32),(36.10)}
IBTX.csv-2013-11	2013-11-01	2013-11-29	{(37.67),(37.65),(37.63),(37.46),(48.00),(46.25),(45.93),(43.49),(41.42),(40.77),(41.09),(39.62),(40.34),(40.80),(40.99),(41.37),(40.34),(40.63),(38.68),(38.42)}
IBTX.csv-2013-12	2013-12-02	2013-12-31	{(45.77),(45.35),(46.15),(47.00),(46.97),(49.68),(49.97),(49.00),(45.65),(46.88),(45.48),(45.49),(45.50),(45.50),(45.50),(45.50),(45.35),(45.55),(45.79),(45.65),(45.51)}
IBTX.csv-2014-01	2014-01-02	2014-01-31	{(49.56),(49.00),(49.40),(50.20),(49.70),(50.28),(50.77),(51.55),(52.08),(53.62),(53.76),(53.35),(53.00),(50.05),(49.75),(49.18),(49.30),(49.50),(49.27),(49.80),(49.55)}
IBTX.csv-2014-02	2014-02-03	2014-02-28	{(49.00),(49.03),(48.75),(50.46),(53.11),(53.27),(53.84),(54.52),(54.95),(54.42),(53.65),(53.65),(54.00),(53.50),(51.73),(50.39),(49.92),(49.19),(49.47)}
IBTX.csv-2014-03	2014-03-03	2014-03-31	{(54.70),(54.56),(53.50),(53.25),(58.34),(58.09),(57.88),(58.09),(58.10),(58.00),(57.18),(55.12),(55.00),(54.31),(54.88),(54.63),(55.00),(54.52),(54.35),(54.64),(54.94)}
IBTX.csv-2014-04	2014-04-01	2014-04-30	{(60.18),(59.64),(60.77),(58.63),(50.00),(53.63),(55.84),(57.36),(58.27),(56.73),(56.81),(57.76),(57.55),(57.93),(58.13),(58.08),(57.25),(58.20),(57.75),(58.40),(59.05)}
IBTX.csv-2014-05	2014-05-01	2014-05-30	{(48.93),(49.18),(46.72),(48.90),(46.39),(46.94),(46.89),(47.22),(46.21),(47.30),(47.95),(47.66),(48.20),(48.85),(48.25),(48.77),(49.27),(48.27),(48.63),(48.65),(48.35)}
IBTX.csv-2014-06	2014-06-02	2014-06-30	{(49.12),(46.64),(46.94),(54.81),(54.98),(55.80),(54.19),(55.33),(55.27),(55.00),(55.18),(54.92),(53.50),(52.78),(52.18),(52.25),(51.86),(51.97),(50.70),(50.46),(48.72)}
IBTX.csv-2014-07	2014-07-01	2014-07-31	{(53.97),(55.11),(54.00),(55.40),(55.85),(49.37),(48.05),(48.60),(49.02),(49.85),(49.85),(49.42),(50.00),(50.25),(49.48),(51.72),(51.72),(52.58),(52.68),(52.86),(53.43),(53.89)}
IBTX.csv-2014-08	2014-08-01	2014-08-29	{(47.70),(47.74),(47.74),(50.61),(50.28),(50.54),(50.65),(50.29),(49.03),(48.95),(48.88),(49.25),(47.87),(48.90),(48.13),(47.71),(48.31),(48.15),(48.07),(49.41),(48.45)}
IBTX.csv-2014-09	2014-09-02	2014-09-30	{(50.50),(50.65),(51.00),(50.93),(48.86),(49.06),(49.50),(49.68),(48.88),(48.76),(48.45),(49.78),(48.31),(48.55),(47.73),(49.23),(50.40),(49.89),(49.10),(50.28),(50.37)}
IBTX.csv-2014-10	2014-10-01	2014-10-31	{(47.28),(47.86),(48.27),(46.80),(47.46),(43.85),(42.45),(44.37),(43.75),(45.26),(44.87),(45.59),(45.85),(45.62),(45.31),(46.24),(44.52),(45.25),(46.13),(45.60),(45.27),(47.21),(46.46)}
IBTX.csv-2014-11	2014-11-03	2014-11-28	{(44.40),(44.88),(44.70),(44.40),(44.20),(43.93),(43.59),(42.38),(44.91),(44.25),(44.09),(45.00),(45.00),(44.30),(44.56),(43.98),(43.51),(44.20),(44.56)}
IBTX.csv-2014-12	2014-12-01	2014-12-31	{(38.50),(39.00),(38.88),(39.35),(39.42),(39.00),(42.55),(41.41),(41.76),(42.27),(42.19),(43.49),(41.99),(43.35),(42.32),(42.31),(41.54),(39.66),(38.46),(39.82),(39.41),(38.91)}
ICAD.csv-2012-01	2012-01-03	2012-01-31	{(0.67),(0.58),(0.57),(0.65),(0.54),(0.58),(0.60),(0.58),(0.56),(0.56),(0.57),(0.55),(0.56),(0.57),(0.60),(0.64),(0.64),(0.68),(0.69),(0.67)}
ICAD.csv-2012-02	2012-02-01	2012-02-29	{(0.55),(0.57),(0.55),(0.60),(0.55),(0.54),(0.58),(0.55),(0.55),(0.56),(0.56),(0.57),(0.56),(0.57),(0.58),(0.55),(0.57),(0.59),(0.57),(0.56)}
ICAD.csv-2012-03	2012-03-01	2012-03-30	{(0.52),(0.53),(0.52),(0.51),(0.51),(0.52),(0.49),(0.50),(0.50),(0.50),(0.48),(0.50),(0.48),(0.49),(0.50),(0.47),(0.50),(0.49),(0.48),(0.50),(0.48),(0.50)}
ICAD.csv-2012-04	2012-04-02	2012-04-30	{(0.49),(0.50),(0.50),(0.48),(0.50),(0.48),(0.46),(0.46),(0.46),(0.53),(0.49),(0.51),(0.45),(0.44),(0.43),(0.46),(0.47),(0.46),(0.46),(0.46)}
ICAD.csv-2012-05	2012-05-01	2012-05-31	{(0.45),(0.46),(0.52),(0.49),(0.55),(0.48),(0.47),(0.54),(0.51),(0.52),(0.52),(0.48),(0.50),(0.49),(0.49),(0.43),(0.42),(0.43),(0.44),(0.45),(0.44),(0.45)}
ICAD.csv-2012-06	2012-06-01	2012-06-29	{(0.47),(0.45),(0.46),(0.46),(0.47),(0.50),(0.50),(0.47),(0.50),(0.49),(0.49),(0.47),(0.49),(0.50),(0.50),(0.51),(0.48),(0.50),(0.51),(0.50),(0.51)}
ICAD.csv-2012-07	2012-07-02	2012-07-31	{(0.45),(0.38),(0.45),(0.41),(0.41),(0.40),(0.38),(0.40),(0.44),(0.42),(0.50),(0.45),(0.45),(0.47),(0.47),(0.44),(0.46),(0.45),(0.48),(0.44),(0.45)}
ICAD.csv-2012-08	2012-08-01	2012-08-31	{(2.14),(2.17),(2.02),(2.25),(2.21),(2.48),(2.65),(2.90),(2.63),(2.11),(0.48),(0.43),(0.44),(0.45),(0.45),(0.43),(0.44),(0.41),(0.40),(0.38),(0.39),(2.14),(2.20)}
ICAD.csv-2012-09	2012-09-04	2012-09-28	{(2.11),(2.26),(2.22),(2.23),(2.20),(2.30),(2.15),(2.15),(2.10),(1.88),(2.19),(2.25),(2.25),(2.25),(2.22),(2.19),(2.18),(2.13),(2.16)}
ICAD.csv-2012-10	2012-10-01	2012-10-31	{(1.92),(2.00),(2.00),(1.96),(2.00),(2.09),(2.17),(2.20),(2.12),(2.10),(2.20),(2.20),(2.25),(2.24),(2.24),(2.21),(2.30),(2.35),(2.20),(2.23),(2.24)}
ICAD.csv-2012-11	2012-11-01	2012-11-30	{(3.80),(3.70),(3.42),(3.28),(2.98),(2.93),(2.83),(2.93),(2.88),(2.85),(2.75),(2.78),(2.62),(2.93),(2.97),(2.80),(2.84),(2.94),(2.20),(2.08),(2.03)}
ICAD.csv-2012-12	2012-12-03	2012-12-31	{(3.50),(4.72),(4.69),(4.51),(4.74),(4.80),(4.90),(4.49),(4.20),(4.25),(4.40),(4.64),(4.28),(3.90),(3.80),(3.75),(3.70),(3.75),(3.36),(3.45)}
ICAD.csv-2013-01	2013-01-02	2013-01-31	{(4.78),(4.86),(5.08),(4.93),(5.05),(5.13),(5.20),(5.08),(5.14),(5.30),(5.19),(4.84),(5.32),(4.82),(4.44),(4.33),(4.44),(4.58),(4.80),(4.73),(4.80)}
ICAD.csv-2013-02	2013-02-01	2013-02-28	{(4.97),(4.91),(5.51),(5.54),(5.69),(6.20),(6.31),(6.52),(6.35),(6.71),(6.05),(5.99),(5.10),(4.99),(5.05),(5.01),(5.01),(4.94),(4.91)}
ICAD.csv-2013-03	2013-03-01	2013-03-28	{(5.60),(5.42),(5.40),(5.05),(5.10),(5.30),(5.31),(5.26),(5.41),(5.21),(5.33),(5.30),(5.31),(5.40),(5.33),(5.44),(5.25),(5.20),(5.40),(5.45)}
ICAD.csv-2013-04	2013-04-01	2013-04-30	{(4.86),(5.06),(4.94),(4.70),(4.99),(5.00),(4.70),(4.47),(4.30),(4.42),(4.72),(4.95),(4.98),(4.86),(4.99),(4.99),(4.95),(5.03),(5.15),(5.28),(4.95),(4.95)}
ICAD.csv-2013-05	2013-05-01	2013-05-31	{(5.97),(5.82),(5.85),(6.04),(6.10),(6.01),(5.85),(5.00),(4.99),(4.85),(5.52),(6.11),(6.17),(6.09),(6.24),(6.16),(5.86),(5.91),(5.97),(5.83),(5.87),(5.79)}
ICAD.csv-2013-06	2013-06-03	2013-06-28	{(5.41),(5.42),(5.45),(5.51),(5.34),(5.99),(6.00),(6.00),(6.00),(6.01),(6.19),(6.20),(6.17),(5.70),(5.75),(5.85),(5.80),(5.91),(5.80),(5.85)}
ICAD.csv-2013-07	2013-07-01	2013-07-31	{(6.21),(6.15),(6.16),(6.18),(6.20),(5.95),(6.20),(6.00),(6.00),(5.97),(5.95),(5.99),(6.08),(6.00),(6.08),(5.99),(5.98),(6.13),(6.09),(6.11),(6.12),(6.16)}
ICAD.csv-2013-08	2013-08-01	2013-08-30	{(5.65),(5.50),(5.42),(5.48),(5.54),(5.54),(5.51),(5.83),(5.65),(5.86),(5.87),(5.80),(5.59),(5.65),(5.77),(5.73),(5.75),(5.75),(5.68),(5.70),(5.75),(5.67)}
ICAD.csv-2013-09	2013-09-03	2013-09-30	{(5.40),(5.55),(5.40),(5.35),(5.64),(5.62),(5.52),(5.77),(5.63),(5.68),(5.59),(5.64),(5.60),(5.50),(5.57),(5.58),(5.57),(5.40),(5.31),(5.40)}
ICAD.csv-2013-10	2013-10-01	2013-10-31	{(8.94),(9.78),(9.22),(9.20),(9.50),(8.27),(9.03),(10.00),(5.30),(5.55),(5.75),(5.95),(6.30),(6.25),(5.51),(5.88),(6.77),(6.74),(7.00),(7.06),(6.85),(7.01),(8.24)}
ICAD.csv-2013-11	2013-11-01	2013-11-29	{(8.58),(8.91),(8.70),(8.64),(8.77),(9.06),(8.65),(8.57),(8.68),(8.34),(8.55),(8.85),(8.99),(9.32),(8.84),(9.23),(8.86),(8.71),(8.40),(8.63)}
ICAD.csv-2013-12	2013-12-02	2013-12-31	{(11.71),(11.81),(11.77),(11.56),(11.62),(12.07),(8.54),(8.40),(8.52),(8.56),(8.75),(10.45),(10.29),(10.00),(11.06),(11.45),(11.70),(11.43),(11.36),(11.42),(11.80)}
ICAD.csv-2014-01	2014-01-02	2014-01-31	{(12.07),(11.30),(11.17),(11.26),(11.66),(11.80),(11.62),(10.66),(11.48),(11.16),(10.90),(12.05),(12.97),(12.87),(12.79),(12.70),(13.99),(13.86),(12.93),(12.71),(12.40)}
ICAD.csv-2014-02	2014-02-03	2014-02-28	{(11.36),(11.84),(11.60),(11.35),(11.40),(11.13),(11.06),(11.10),(11.46),(11.64),(11.54),(11.22),(11.18),(11.05),(11.32),(11.27),(12.02),(12.56),(11.75)}
ICAD.csv-2014-03	2014-03-03	2014-03-31	{(10.67),(10.00),(9.36),(9.20),(9.04),(9.65),(11.50),(11.70),(11.45),(11.49),(11.68),(11.58),(12.31),(12.00),(11.78),(11.35),(11.04),(11.13),(10.94),(10.85),(10.70)}
ICAD.csv-2014-04	2014-04-01	2014-04-30	{(8.56),(8.50),(8.29),(8.23),(8.33),(8.63),(8.40),(9.13),(9.41),(9.26),(9.16),(8.67),(8.40),(8.17),(8.25),(7.95),(7.97),(8.01),(8.36),(8.20),(8.55)}
ICAD.csv-2014-05	2014-05-01	2014-05-30	{(7.07),(6.95),(6.83),(6.91),(6.70),(6.52),(7.04),(8.61),(8.28),(8.35),(8.46),(8.41),(7.01),(6.93),(7.06),(7.43),(7.21),(7.13),(7.29),(7.16),(7.34)}
ICAD.csv-2014-06	2014-06-02	2014-06-30	{(6.70),(6.10),(5.99),(6.30),(6.22),(6.16),(6.44),(6.61),(6.58),(6.52),(6.60),(6.60),(6.48),(6.88),(6.84),(7.00),(6.71),(6.64),(6.75),(6.82),(6.82)}
ICAD.csv-2014-07	2014-07-01	2014-07-31	{(8.34),(8.49),(8.19),(8.25),(8.35),(8.67),(9.20),(8.50),(6.42),(6.75),(7.15),(7.07),(6.81),(6.72),(6.80),(6.97),(7.16),(7.33),(7.80),(8.53),(8.62),(8.60)}
ICAD.csv-2014-08	2014-08-01	2014-08-29	{(10.49),(10.40),(10.59),(10.43),(10.55),(10.58),(10.36),(9.13),(9.25),(9.14),(8.95),(9.11),(8.92),(8.75),(8.83),(8.86),(8.65),(8.97),(9.04),(9.79),(10.07)}
ICAD.csv-2014-09	2014-09-02	2014-09-30	{(10.29),(9.86),(9.94),(10.06),(9.67),(9.52),(9.93),(10.48),(11.04),(10.98),(11.37),(11.12),(11.14),(11.20),(11.08),(11.00),(10.95),(10.51),(10.45),(10.05),(10.07)}
ICAD.csv-2014-10	2014-10-01	2014-10-31	{(8.54),(9.20),(9.25),(8.95),(8.97),(10.00),(10.58),(11.06),(9.69),(9.78),(9.89),(9.63),(9.77),(9.80),(9.70),(9.34),(9.00),(8.92),(8.86),(8.59),(8.59),(8.90),(9.22)}
ICAD.csv-2014-11	2014-11-03	2014-11-28	{(10.59),(10.14),(10.33),(10.38),(11.25),(11.39),(11.50),(10.82),(11.03),(11.10),(10.99),(10.89),(10.65),(11.14),(10.84),(10.61),(10.55),(10.48),(10.15)}
ICAD.csv-2014-12	2014-12-01	2014-12-31	{(9.97),(9.86),(9.95),(9.16),(9.98),(9.10),(9.39),(9.43),(9.50),(9.81),(9.64),(9.15),(9.10),(8.94),(9.00),(9.00),(9.15),(9.65),(9.79),(9.78),(9.99),(9.77)}
IVAN.csv-2012-01	2012-01-03	2012-01-31	{(1.28),(1.13),(1.14),(1.28),(1.04),(1.02),(1.05),(1.09),(1.07),(1.08),(1.10),(1.06),(1.05),(1.05),(1.09),(1.05),(1.12),(1.32),(1.18),(1.23)}
IVAN.csv-2012-02	2012-02-01	2012-02-29	{(1.00),(1.02),(1.05),(1.00),(0.89),(0.83),(0.89),(0.89),(0.95),(0.95),(1.01),(1.00),(0.95),(0.95),(0.95),(1.01),(1.02),(1.00),(1.00),(1.00)}
IVAN.csv-2012-03	2012-03-01	2012-03-30	{(0.98),(0.92),(0.95),(1.00),(1.02),(1.01),(1.08),(1.04),(1.00),(0.97),(0.95),(0.97),(0.95),(1.00),(1.00),(1.00),(0.94),(0.94),(0.94),(0.97),(0.93),(0.97)}
IVAN.csv-2012-04	2012-04-02	2012-04-30	{(1.08),(1.05),(0.91),(0.90),(0.90),(0.90),(0.95),(0.90),(0.90),(0.93),(0.90),(0.90),(0.96),(0.97),(0.96),(0.93),(1.00),(1.05),(1.06),(1.15)}
IVAN.csv-2012-05	2012-05-01	2012-05-31	{(0.90),(0.89),(0.75),(0.79),(0.79),(0.80),(0.76),(0.78),(0.76),(0.81),(0.80),(0.81),(0.83),(0.84),(0.85),(0.89),(0.89),(0.87),(0.87),(0.87),(0.89),(0.92)}
IVAN.csv-2012-06	2012-06-01	2012-06-29	{(0.70),(0.76),(0.74),(0.76),(0.75),(0.72),(0.75),(0.76),(0.70),(0.68),(0.70),(0.68),(0.71),(0.75),(0.78),(0.75),(0.77),(0.67),(0.66),(0.71),(0.72)}
IVAN.csv-2012-07	2012-07-02	2012-07-31	{(0.60),(0.66),(0.64),(0.63),(0.65),(0.63),(0.62),(0.65),(0.62),(0.60),(0.61),(0.60),(0.60),(0.59),(0.61),(0.59),(0.61),(0.63),(0.60),(0.60),(0.70)}
IVAN.csv-2012-08	2012-08-01	2012-08-31	{(0.71),(0.74),(0.73),(0.76),(0.74),(0.70),(0.74),(0.74),(0.72),(0.70),(0.66),(0.65),(0.63),(0.65),(0.64),(0.68),(0.68),(0.65),(0.65),(0.67),(0.68),(0.72),(0.71)}
IVAN.csv-2012-09	2012-09-04	2012-09-28	{(0.54),(0.55),(0.53),(0.57),(0.61),(0.64),(0.64),(0.65),(0.65),(0.62),(0.66),(0.65),(0.63),(0.65),(0.64),(0.69),(0.72),(0.55),(0.53)}
IVAN.csv-2012-10	2012-10-01	2012-10-31	{(0.65),(0.63),(0.57),(0.49),(0.49),(0.50),(0.49),(0.48),(0.49),(0.50),(0.49),(0.51),(0.53),(0.53),(0.55),(0.55),(0.55),(0.53),(0.55),(0.54),(0.55)}
IVAN.csv-2012-11	2012-11-01	2012-11-30	{(0.47),(0.47),(0.50),(0.50),(0.50),(0.50),(0.52),(0.50),(0.47),(0.49),(0.52),(0.53),(0.51),(0.52),(0.53),(0.58),(0.63),(0.60),(0.60),(0.60),(0.67)}
IVAN.csv-2012-12	2012-12-03	2012-12-31	{(0.43),(0.70),(0.68),(0.74),(0.75),(0.69),(0.71),(0.76),(0.79),(0.80),(0.76),(0.81),(0.78),(0.85),(0.80),(0.57),(0.48),(0.43),(0.44),(0.46)}
IVAN.csv-2013-01	2013-01-02	2013-01-31	{(0.76),(0.82),(0.80),(0.83),(0.81),(0.82),(0.85),(0.91),(0.94),(0.91),(0.85),(0.88),(0.82),(0.74),(0.74),(0.70),(0.73),(0.72),(0.72),(0.73),(0.73)}
IVAN.csv-2013-02	2013-02-01	2013-02-28	{(0.83),(0.85),(0.67),(0.66),(0.66),(0.65),(0.65),(0.67),(0.68),(0.68),(0.73),(0.75),(0.75),(0.75),(0.75),(0.76),(0.75),(0.76),(0.80)}
IVAN.csv-2013-03	2013-03-01	2013-03-28	{(0.64),(0.65),(0.66),(0.66),(0.64),(0.66),(0.66),(0.70),(0.69),(0.65),(0.62),(0.70),(0.73),(0.71),(0.68),(0.65),(0.65),(0.65),(0.63),(0.63)}
IVAN.csv-2013-04	2013-04-01	2013-04-30	{(0.62),(0.64),(0.65),(1.31),(1.35),(0.64),(1.36),(0.52),(0.51),(0.54),(0.56),(0.55),(0.55),(0.56),(0.57),(0.58),(0.59),(0.59),(0.59),(0.58),(0.59),(0.60)}
IVAN.csv-2013-05	2013-05-01	2013-05-31	{(1.40),(1.31),(1.28),(1.24),(1.23),(1.37),(1.28),(1.26),(1.25),(1.24),(1.31),(1.34),(1.30),(1.30),(1.23),(1.48),(1.47),(1.44),(1.40),(1.37),(1.44),(1.41)}
IVAN.csv-2013-06	2013-06-03	2013-06-28	{(0.97),(0.91),(0.90),(0.93),(1.23),(1.22),(1.20),(1.19),(1.18),(1.17),(1.13),(1.09),(1.04),(1.18),(1.13),(1.11),(1.06),(1.05),(0.98),(1.00)}
IVAN.csv-2013-07	2013-07-01	2013-07-31	{(0.97),(0.93),(0.92),(0.93),(0.90),(0.95),(0.91),(0.98),(0.94),(1.01),(0.93),(0.93),(0.92),(0.96),(0.94),(0.95),(0.93),(0.95),(0.94),(0.95),(0.95),(1.03)}
IVAN.csv-2013-08	2013-08-01	2013-08-30	{(0.70),(0.80),(0.78),(0.71),(0.70),(0.75),(0.89),(0.93),(0.86),(0.85),(0.78),(0.75),(0.74),(0.65),(0.73),(0.70),(0.67),(0.69),(0.68),(0.61),(0.60),(0.66)}
IVAN.csv-2013-09	2013-09-03	2013-09-30	{(0.90),(0.80),(0.88),(0.80),(0.70),(0.66),(0.75),(0.72),(0.79),(0.78),(0.75),(0.76),(0.95),(0.90),(0.86),(0.88),(0.83),(0.90),(0.95),(0.84)}
IVAN.csv-2013-10	2013-10-01	2013-10-31	{(0.81),(0.78),(0.77),(0.70),(0.71),(0.68),(0.79),(0.83),(0.82),(0.83),(0.82),(0.86),(0.88),(0.83),(0.85),(0.83),(0.81),(0.81),(0.83),(0.83),(0.82),(0.81),(0.80)}
IVAN.csv-2013-11	2013-11-01	2013-11-29	{(0.46),(0.47),(0.47),(0.50),(0.70),(0.70),(0.67),(0.67),(0.69),(0.65),(0.67),(0.66),(0.62),(0.58),(0.60),(0.60),(0.53),(0.58),(0.54),(0.50)}
IVAN.csv-2013-12	2013-12-02	2013-12-31	{(0.60),(0.59),(0.58),(0.59),(0.59),(0.47),(0.42),(0.40),(0.42),(0.41),(0.39),(0.37),(0.38),(0.41),(0.42),(0.43),(0.35),(0.40),(0.44),(0.54),(0.60)}
IVAN.csv-2014-01	2014-01-02	2014-01-31	{(0.51),(0.51),(0.50),(0.49),(0.50),(0.63),(0.68),(0.70),(0.70),(0.68),(0.68),(0.60),(0.57),(0.54),(0.51),(0.58),(0.58),(0.57),(0.54),(0.51),(0.50)}
IVAN.csv-2014-02	2014-02-03	2014-02-28	{(0.59),(0.58),(0.50),(0.50),(0.50),(0.50),(0.49),(0.56),(0.59),(0.67),(0.60),(0.61),(0.60),(0.56),(0.58),(0.63),(0.64),(0.62),(0.57)}
IVAN.csv-2014-03	2014-03-03	2014-03-31	{(0.54),(0.51),(0.50),(0.50),(0.56),(0.59),(0.61),(0.67),(0.76),(0.66),(0.73),(0.65),(0.66),(0.65),(0.65),(0.62),(0.57),(0.57),(0.55),(0.58),(0.55)}
IVAN.csv-2014-04	2014-04-01	2014-04-30	{(0.51),(0.50),(0.52),(0.52),(0.52),(0.52),(0.52),(0.51),(0.50),(0.49),(0.50),(0.52),(0.49),(0.50),(0.52),(0.53),(0.56),(0.56),(0.53),(0.50),(0.51)}
IVAN.csv-2014-05	2014-05-01	2014-05-30	{(0.43),(0.45),(0.45),(0.39),(0.51),(0.53),(0.50),(0.51),(0.50),(0.50),(0.50),(0.50),(0.47),(0.47),(0.45),(0.45),(0.43),(0.45),(0.41),(0.42),(0.46)}
IVAN.csv-2014-06	2014-06-02	2014-06-30	{(0.39),(0.40),(0.38),(0.40),(0.45),(0.40),(0.40),(0.41),(0.42),(0.39),(0.38),(0.39),(0.37),(0.40),(0.44),(0.42),(0.43),(0.42),(0.39),(0.42),(0.40)}
IVAN.csv-2014-07	2014-07-01	2014-07-31	{(0.28),(0.23),(0.25),(0.24),(0.25),(0.39),(0.39),(0.38),(0.39),(0.39),(0.38),(0.37),(0.36),(0.36),(0.32),(0.31),(0.26),(0.27),(0.24),(0.22),(0.21),(0.24)}
IVAN.csv-2014-08	2014-08-01	2014-08-29	{(1.42),(1.54),(1.52),(1.40),(0.24),(0.24),(0.24),(0.23),(0.23),(0.23),(0.23),(0.22),(0.22),(0.23),(0.21),(1.40),(1.45),(1.45),(1.35),(1.35),(1.57)}
IVAN.csv-2014-09	2014-09-02	2014-09-30	{(1.61),(1.73),(1.75),(1.59),(2.12),(2.04),(1.93),(1.61),(1.89),(2.11),(1.93),(1.93),(1.99),(2.03),(1.92),(1.96),(2.02),(1.94),(1.83),(1.67),(1.66)}
IVAN.csv-2014-10	2014-10-01	2014-10-31	{(1.49),(1.41),(1.42),(1.38),(1.18),(1.47),(1.69),(1.65),(1.65),(1.65),(1.64),(1.61),(1.60),(1.61),(1.32),(1.38),(1.20),(1.08),(1.35),(1.24),(1.29),(1.43),(1.49)}
IVAN.csv-2014-11	2014-11-03	2014-11-28	{(1.02),(1.00),(1.11),(1.20),(1.10),(1.08),(1.03),(1.07),(1.15),(1.07),(1.06),(1.05),(1.03),(1.03),(1.05),(1.02),(1.06),(1.02),(1.04)}
IVAN.csv-2014-12	2014-12-01	2014-12-31	{(0.48),(0.47),(0.51),(0.50),(0.89),(0.84),(0.85),(0.91),(0.93),(0.96),(0.88),(0.88),(0.90),(0.70),(0.52),(0.45),(0.47),(0.49),(0.65),(0.59),(0.52),(0.49)}
